data <-
structure(list(year = c(1L, 1L, 1L, 1L, 1L, 1L, 1L, 1L, 1L, 1L, 
1L, 1L, 1L, 1L, 1L, 1L, 1L, 1L, 1L, 1L, 1L, 1L, 1L, 1L, 1L, 1L, 
1L, 1L, 1L, 1L, 1L, 1L, 1L, 1L, 1L, 1L, 1L, 1L, 1L, 1L, 1L, 1L, 
1L, 1L, 1L, 1L, 1L, 1L, 1L, 1L, 1L, 1L, 1L, 1L, 1L, 1L, 1L, 1L, 
1L, 1L, 1L, 1L, 1L, 1L, 1L, 1L, 1L, 1L, 1L, 1L, 1L, 1L, 1L, 1L, 
1L, 1L, 1L, 1L, 1L, 1L, 1L, 1L, 1L, 1L, 1L, 1L, 1L, 1L, 1L, 1L, 
1L, 1L, 1L, 1L, 1L, 1L, 1L, 1L, 1L, 1L, 1L, 1L, 1L, 1L, 1L, 1L, 
1L, 1L, 1L, 1L, 1L, 1L, 1L, 1L, 1L, 1L, 1L, 1L, 1L, 1L, 1L, 1L, 
1L, 1L, 1L, 1L, 1L, 1L, 1L, 1L, 1L, 1L, 1L, 1L, 1L, 1L, 1L, 1L, 
1L, 1L, 1L, 1L, 1L, 1L, 1L, 1L, 1L, 1L, 1L, 1L, 1L, 1L, 1L, 1L, 
1L, 1L, 1L, 1L, 1L, 1L, 1L, 1L, 1L, 1L, 1L, 1L, 1L, 1L, 1L, 1L, 
1L, 1L, 1L, 1L, 1L, 1L, 1L, 1L, 1L, 1L, 1L, 1L, 1L, 1L, 1L, 1L, 
1L, 1L, 1L, 1L, 1L, 1L, 1L, 1L, 1L, 1L, 1L, 1L, 1L, 1L, 1L, 1L, 
1L, 1L, 1L, 1L, 1L, 1L, 1L, 1L, 1L, 1L, 1L, 1L, 1L, 1L, 1L, 1L, 
1L, 1L, 1L, 1L, 1L, 1L, 1L, 1L, 1L, 1L, 1L, 1L, 1L, 1L, 1L, 1L, 
1L, 1L, 1L, 1L, 1L, 1L, 1L, 1L, 1L, 1L, 1L, 1L, 1L, 1L, 1L, 1L, 
1L, 1L, 1L, 1L, 1L, 1L, 1L, 1L, 1L, 1L, 1L, 1L, 1L, 2L, 2L, 2L, 
2L, 2L, 2L, 2L, 2L, 2L, 2L, 2L, 2L, 2L, 2L, 2L, 2L, 2L, 2L, 2L, 
2L, 2L, 2L, 2L, 2L, 2L, 2L, 2L, 2L, 2L, 2L, 2L, 2L, 2L, 2L, 2L, 
2L, 2L, 2L, 2L, 2L, 2L, 2L, 2L, 2L, 2L, 2L, 2L, 2L, 2L, 2L, 2L, 
2L, 2L, 2L, 2L, 2L, 2L, 2L, 2L, 2L, 2L, 2L, 2L, 2L, 2L, 2L, 2L, 
2L, 2L, 2L, 2L, 2L, 2L, 2L, 2L, 2L, 2L, 2L, 2L, 2L, 2L, 2L, 2L, 
2L, 2L, 2L, 2L, 2L, 2L, 2L, 2L, 2L, 2L, 2L, 2L, 2L, 2L, 2L, 2L, 
2L, 2L, 2L, 2L, 2L, 2L, 2L, 2L, 2L, 2L, 2L, 2L, 2L, 2L, 2L, 2L, 
2L, 2L, 2L, 2L, 2L, 2L, 2L, 2L, 2L, 2L, 2L, 2L, 2L, 2L, 2L, 2L, 
2L, 2L, 2L, 2L, 2L, 2L, 2L, 2L, 2L, 2L, 2L, 2L, 2L, 2L, 2L, 2L, 
2L, 2L, 2L, 2L, 2L, 2L, 2L, 2L, 2L, 2L, 2L, 2L, 2L, 2L, 2L, 2L, 
2L, 2L, 2L, 2L, 2L, 2L, 2L, 2L, 2L, 2L, 2L, 2L, 2L, 2L, 2L, 2L, 
2L, 2L, 2L, 2L, 2L, 3L, 3L, 3L, 3L, 3L, 3L, 3L, 3L, 3L, 3L, 3L, 
3L, 3L, 3L, 3L, 3L, 3L, 3L, 3L, 3L, 3L, 3L, 3L, 3L, 3L, 3L, 3L, 
3L, 3L, 3L, 3L, 3L, 3L, 3L, 3L, 3L, 3L, 3L, 3L, 3L, 3L, 3L, 3L, 
3L, 3L, 3L, 3L, 3L, 3L, 3L, 3L, 3L, 3L, 3L, 3L, 3L, 3L, 3L, 3L, 
3L, 3L, 3L, 3L, 3L, 3L, 3L, 3L, 3L, 3L, 3L, 3L, 3L, 3L, 3L, 3L, 
3L, 3L, 3L, 3L, 3L, 3L, 3L, 3L, 3L, 3L, 3L, 3L, 3L, 3L, 3L, 3L, 
3L, 3L, 3L, 3L, 3L, 3L, 3L, 3L, 3L, 3L, 3L, 3L, 3L, 3L, 3L, 3L, 
3L, 3L, 3L, 3L, 3L, 3L, 3L, 3L, 3L, 3L, 3L, 3L, 3L, 3L, 3L, 3L, 
3L, 3L, 3L, 3L, 3L, 3L, 3L, 3L, 3L, 3L, 3L, 3L, 3L, 4L, 4L, 4L, 
4L, 4L, 4L, 4L, 4L, 4L, 4L, 4L, 4L, 4L, 4L, 4L, 4L, 4L, 4L, 4L, 
4L, 4L, 4L, 4L, 4L, 4L, 4L, 4L, 4L, 4L, 4L, 4L, 4L, 4L, 4L, 4L, 
4L, 4L, 4L, 4L, 4L, 4L, 4L, 4L, 4L, 4L, 4L, 4L, 4L, 4L, 4L, 4L, 
4L, 4L, 4L, 4L, 4L, 4L, 4L, 4L, 4L, 4L, 4L, 4L, 4L, 4L, 4L, 4L, 
4L, 4L, 4L, 4L, 4L, 4L, 4L, 4L, 4L, 4L, 4L, 4L, 4L, 4L, 4L, 4L, 
4L, 4L, 4L, 4L, 4L, 4L, 4L, 4L, 4L, 4L, 4L, 4L, 4L, 4L, 4L, 4L, 
4L, 4L, 4L, 4L, 4L, 4L, 4L, 4L, 4L, 4L, 4L, 4L, 4L, 4L, 4L, 4L, 
4L, 4L, 4L, 4L, 4L, 4L, 4L, 4L, 4L, 4L, 4L, 4L, 4L, 4L, 4L, 4L, 
4L, 4L, 4L, 4L, 4L, 4L, 4L, 4L, 4L, 4L, 4L, 4L, 4L, 4L, 4L, 4L, 
4L, 4L, 4L, 4L, 4L, 4L, 4L, 4L, 4L, 4L, 4L, 4L, 4L, 4L, 4L, 4L, 
4L, 4L, 4L, 4L, 4L, 4L, 4L, 4L, 4L, 4L, 4L), age = c(19L, 18L, 
19L, 18L, 18L, 18L, 18L, 19L, 20L, 19L, 18L, 19L, 18L, 18L, 18L, 
18L, 18L, 18L, 18L, 18L, 18L, 18L, 19L, 18L, 19L, 20L, 18L, 18L, 
19L, 21L, 18L, 18L, 18L, 19L, 19L, 18L, 19L, 19L, 18L, 18L, 19L, 
18L, 18L, 18L, 18L, 18L, 18L, 18L, 19L, 19L, 18L, 19L, 19L, 19L, 
19L, 19L, 19L, 18L, 18L, 18L, 20L, 24L, 19L, 19L, 19L, 20L, 18L, 
19L, 20L, 19L, 19L, 20L, 20L, 19L, 18L, 18L, 20L, 20L, 18L, 19L, 
18L, 18L, 18L, 19L, 18L, 19L, 18L, 20L, 19L, 18L, 18L, 19L, 18L, 
19L, 18L, 18L, 18L, 18L, 19L, 19L, 18L, 19L, 19L, 18L, 18L, 18L, 
18L, 18L, 18L, 18L, 18L, 18L, 18L, 18L, 18L, 18L, 18L, 18L, 18L, 
19L, 19L, 18L, 18L, 18L, 20L, 18L, 20L, 21L, 18L, 19L, 19L, 18L, 
19L, 19L, 19L, 18L, 18L, 23L, 19L, 18L, 19L, 18L, 20L, 18L, 19L, 
19L, 18L, 18L, 18L, 20L, 18L, 18L, 18L, 18L, 20L, 19L, 19L, 18L, 
19L, 18L, 19L, 18L, 19L, 20L, 18L, 18L, 18L, 19L, 18L, 20L, 18L, 
18L, 19L, 18L, 19L, 19L, 23L, 21L, 20L, 20L, 26L, 20L, 19L, 20L, 
19L, 20L, 19L, 19L, 19L, 23L, 19L, 19L, 19L, 19L, 20L, 18L, 19L, 
21L, 20L, 19L, 19L, 20L, 20L, 21L, 24L, 20L, 20L, 19L, 20L, 21L, 
20L, 19L, 19L, 18L, 24L, 19L, 19L, 19L, 19L, 21L, 19L, 19L, 18L, 
19L, 23L, 21L, 22L, 20L, 20L, 20L, 19L, 19L, 19L, 19L, 21L, 19L, 
20L, 19L, 19L, 31L, 20L, 20L, 18L, 21L, 19L, 20L, 19L, 20L, 19L, 
19L, 19L, 19L, 19L, 21L, 20L, 19L, 20L, 24L, 22L, 19L, 20L, 21L, 
19L, 19L, 20L, 21L, 19L, 21L, 20L, 25L, 19L, 20L, 20L, 19L, 20L, 
23L, 20L, 20L, 19L, 20L, 20L, 20L, 19L, 19L, 19L, 23L, 20L, 19L, 
19L, 20L, 19L, 19L, 19L, 19L, 19L, 19L, 18L, 19L, 19L, 19L, 19L, 
19L, 20L, 19L, 20L, 24L, 20L, 19L, 19L, 19L, 20L, 21L, 22L, 19L, 
19L, 23L, 19L, 19L, 18L, 21L, 20L, 19L, 19L, 19L, 20L, 19L, 20L, 
20L, 19L, 21L, 19L, 19L, 19L, 22L, 22L, 19L, 21L, 19L, 22L, 20L, 
19L, 19L, 21L, 22L, 19L, 20L, 18L, 20L, 19L, 20L, 20L, 19L, 19L, 
19L, 21L, 19L, 18L, 20L, 21L, 19L, 19L, 20L, 19L, 19L, 19L, 20L, 
18L, 22L, 19L, 20L, 19L, 20L, 19L, 19L, 19L, 19L, 20L, 20L, 19L, 
20L, 19L, 21L, 20L, 20L, 19L, 20L, 20L, 19L, 21L, 21L, 19L, 23L, 
19L, 19L, 20L, 20L, 19L, 19L, 24L, 19L, 21L, 20L, 19L, 19L, 19L, 
19L, 21L, 19L, 19L, 19L, 20L, 20L, 20L, 19L, 20L, 19L, 19L, 21L, 
19L, 19L, 19L, 19L, 23L, 19L, 19L, 19L, 19L, 19L, 20L, 20L, 19L, 
19L, 20L, 19L, 20L, 20L, 19L, 25L, 20L, 21L, 19L, 21L, 20L, 19L, 
20L, 19L, 20L, 20L, 20L, 21L, 20L, 20L, 20L, 20L, 22L, 20L, 20L, 
20L, 21L, 22L, 20L, 20L, 21L, 20L, 20L, 21L, 22L, 26L, 20L, 20L, 
20L, 20L, 20L, 20L, 21L, 21L, 20L, 20L, 20L, 20L, 20L, 21L, 20L, 
12L, 20L, 28L, 20L, 21L, 20L, 20L, 21L, 20L, 21L, 22L, 23L, 21L, 
23L, 20L, 20L, 19L, 22L, 21L, 20L, 21L, 20L, 19L, 20L, 22L, 20L, 
21L, 21L, 20L, 20L, 20L, 21L, 20L, 21L, 20L, 20L, 24L, 21L, 21L, 
21L, 22L, 20L, 22L, 20L, 20L, 20L, 21L, 23L, 23L, 22L, 21L, 21L, 
21L, 21L, 21L, 21L, 22L, 21L, 21L, 22L, 21L, 22L, 23L, 23L, 22L, 
21L, 22L, 22L, 21L, 22L, 18L, 21L, 21L, 21L, 22L, 22L, 25L, 21L, 
22L, 21L, 21L, 21L, 21L, 21L, 21L, 21L, 23L, 21L, 21L, 20L, 21L, 
27L, 21L, 21L, 22L, 22L, 22L, 23L, 21L, 21L, 23L, 22L, 22L, 21L, 
24L, 21L, 31L, 22L, 21L, 21L, 21L, 21L, 21L, 21L, 21L, 21L, 21L, 
21L, 22L, 21L, 21L, 21L, 21L, 22L, 22L, 22L, 21L, 22L, 23L, 22L, 
22L, 24L, 22L, 21L, 22L, 21L, 24L, 21L, 21L, 21L, 21L, 22L, 21L, 
21L, 22L, 21L, 21L, 22L, 22L, 25L, 21L, 24L, 22L, 22L, 21L, 21L, 
21L, 21L, 21L, 21L, 22L, 22L, 22L, 21L, 22L, 26L, 21L, 21L, 22L, 
21L, 21L, 21L, 22L, 21L, 22L, 22L, 22L, 21L, 22L, 22L, 21L, 22L, 
20L, 21L, 21L, 21L, 21L, 20L, 23L, 21L, 21L, 22L, 21L, 21L, 22L, 
21L, 21L, 21L, 21L, 21L, 21L, 21L, 21L, 22L, 21L, 21L, 22L, 21L, 
21L, 22L, 21L, 21L, 21L, 21L, 23L, 22L, 21L, 22L, 21L, 24L, 22L, 
22L, 22L, 22L, 22L, 22L, 26L, 22L, 22L, 21L, 21L, 22L, 22L, 30L, 
22L, 23L, 22L, 22L, 22L, 22L, 23L, 24L, 23L, 23L, 22L, 22L, 23L, 
22L, 22L, 24L, 22L, 22L, 22L, 22L, 23L, 24L, 23L, 24L, 23L, 22L, 
22L, 21L, 22L, 23L, 22L, 23L, 22L, 23L, 22L, 24L, 22L, 22L, 22L, 
22L),